846 995 867 924 973 696 993 967 1012 873
1010 759 966 650 1067 1016 1083 992 1032 748
809 955 663 1153 1021 809 617 686 915 871
632 952 1086 725 1071 1151 1190 726 1099 1074
792 1185 940 891 646 609 933 981 871 793
237 73 384 190 356 123 681 340 232 149
160 340 107 122 502 169 651 122 215 336
413 93 174 264 124 206 61 44 60 96
467 216 129 90 676 859 339 408 116 467
418 235 192 380 256 108 217 266 187 162
518 152 54 175 922 203 285 530 229 110
136 168 196 175 232 245 362 82 219 86
339 128 346 251 408 513 67 419 556 482
104 71 417 214 423 597 400 308
